Report for all years
Confusion matrix
[[835 208   6]
 [ 79 870 145]
 [ 12 127 166]]
Normalized confusion matrix
[[0.79599619 0.19828408 0.00571973]
 [0.07221207 0.7952468  0.13254113]
 [0.03934426 0.41639344 0.5442623 ]]
Accuracy
0.7118350942192809
Classification report
              precision    recall  f1-score   support

         0.0       0.90      0.80      0.85      1049
         1.0       0.72      0.80      0.76      1094
         2.0       0.52      0.54      0.53       305

    accuracy                           0.76      2448
   macro avg       0.72      0.71      0.71      2448
weighted avg       0.77      0.76      0.77      2448

