Report for year 2016
Confusion matrix
[[314  18   1]
 [ 12 307  21]
 [  1   7   3]]
Normalized confusion matrix
[[0.94294294 0.05405405 0.003003  ]
 [0.03529412 0.90294118 0.06176471]
 [0.09090909 0.63636364 0.27272727]]
Accuracy
0.706203797380268
Classification report
              precision    recall  f1-score   support

         0.0       0.96      0.94      0.95       333
         1.0       0.92      0.90      0.91       340
         2.0       0.12      0.27      0.17        11

    accuracy                           0.91       684
   macro avg       0.67      0.71      0.68       684
weighted avg       0.93      0.91      0.92       684

