Report for all years
Confusion matrix
[[955  72  22]
 [144 489 461]
 [ 24  46 235]]
Normalized confusion matrix
[[0.91039085 0.0686368  0.02097235]
 [0.13162706 0.44698355 0.4213894 ]
 [0.07868852 0.15081967 0.7704918 ]]
Accuracy
0.7092887327745592
Classification report
              precision    recall  f1-score   support

         0.0       0.85      0.91      0.88      1049
         1.0       0.81      0.45      0.57      1094
         2.0       0.33      0.77      0.46       305

    accuracy                           0.69      2448
   macro avg       0.66      0.71      0.64      2448
weighted avg       0.77      0.69      0.69      2448

