Report for year 2014
Confusion matrix
[[388   9   2]
 [ 69 179 118]
 [  2  20 149]]
Normalized confusion matrix
[[0.97243108 0.02255639 0.00501253]
 [0.18852459 0.48907104 0.32240437]
 [0.01169591 0.11695906 0.87134503]]
Accuracy
0.7776157150617893
Classification report
              precision    recall  f1-score   support

         0.0       0.85      0.97      0.90       399
         1.0       0.86      0.49      0.62       366
         2.0       0.55      0.87      0.68       171

    accuracy                           0.76       936
   macro avg       0.75      0.78      0.74       936
weighted avg       0.80      0.76      0.75       936

