Report for year 2016
Confusion matrix
[[309  20   4]
 [ 13 158 169]
 [  1   3   7]]
Normalized confusion matrix
[[0.92792793 0.06006006 0.01201201]
 [0.03823529 0.46470588 0.49705882]
 [0.09090909 0.27272727 0.63636364]]
Accuracy
0.6763324822148351
Classification report
              precision    recall  f1-score   support

         0.0       0.96      0.93      0.94       333
         1.0       0.87      0.46      0.61       340
         2.0       0.04      0.64      0.07        11

    accuracy                           0.69       684
   macro avg       0.62      0.68      0.54       684
weighted avg       0.90      0.69      0.76       684

