Report for year 2019
Confusion matrix
[[370 102   4]
 [121 239  62]
 [ 20  69  63]]
Normalized confusion matrix
[[0.77731092 0.21428571 0.00840336]
 [0.28672986 0.56635071 0.14691943]
 [0.13157895 0.45394737 0.41447368]]
Accuracy
0.5860451064935827
Classification report
              precision    recall  f1-score   support

         0.0       0.72      0.78      0.75       476
         1.0       0.58      0.57      0.57       422
         2.0       0.49      0.41      0.45       152

    accuracy                           0.64      1050
   macro avg       0.60      0.59      0.59      1050
weighted avg       0.63      0.64      0.64      1050

