Report for year 2014
Confusion matrix
[[356  42   1]
 [ 20 281  65]
 [  1   9 161]]
Normalized confusion matrix
[[0.89223058 0.10526316 0.00250627]
 [0.05464481 0.76775956 0.17759563]
 [0.00584795 0.05263158 0.94152047]]
Accuracy
0.8671702023729634
Classification report
              precision    recall  f1-score   support

         0.0       0.94      0.89      0.92       399
         1.0       0.85      0.77      0.81       366
         2.0       0.71      0.94      0.81       171

    accuracy                           0.85       936
   macro avg       0.83      0.87      0.84       936
weighted avg       0.86      0.85      0.85       936

