Report for all years
Confusion matrix
[[915 129   5]
 [ 89 851 154]
 [ 11 143 151]]
Normalized confusion matrix
[[0.87225929 0.12297426 0.00476644]
 [0.08135283 0.77787934 0.14076782]
 [0.03606557 0.46885246 0.49508197]]
Accuracy
0.7150735345480284
Classification report
              precision    recall  f1-score   support

         0.0       0.90      0.87      0.89      1049
         1.0       0.76      0.78      0.77      1094
         2.0       0.49      0.50      0.49       305

    accuracy                           0.78      2448
   macro avg       0.72      0.72      0.72      2448
weighted avg       0.79      0.78      0.78      2448

