Report for year 2019
Confusion matrix
[[639  47   1]
 [ 52  38  13]
 [ 23  45  66]]
Normalized confusion matrix
[[0.930131   0.06841339 0.0014556 ]
 [0.50485437 0.36893204 0.12621359]
 [0.17164179 0.3358209  0.49253731]]
Accuracy
0.5972001188781998
Classification report
              precision    recall  f1-score   support

         0.0       0.89      0.93      0.91       687
         1.0       0.29      0.37      0.33       103
         2.0       0.82      0.49      0.62       134

    accuracy                           0.80       924
   macro avg       0.67      0.60      0.62       924
weighted avg       0.82      0.80      0.80       924

