Report for all years
Confusion matrix
[[1596  211   48]
 [ 219  194   54]
 [  30  106  142]]
Normalized confusion matrix
[[0.86037736 0.11374663 0.02587601]
 [0.46895075 0.41541756 0.11563169]
 [0.10791367 0.38129496 0.51079137]]
Accuracy
0.5955287614278503
Classification report
              precision    recall  f1-score   support

         0.0       0.87      0.86      0.86      1855
         1.0       0.38      0.42      0.40       467
         2.0       0.58      0.51      0.54       278

    accuracy                           0.74      2600
   macro avg       0.61      0.60      0.60      2600
weighted avg       0.75      0.74      0.74      2600

