Report for year 2019
Confusion matrix
[[415  55 217]
 [ 17  16  70]
 [  3   6 125]]
Normalized confusion matrix
[[0.60407569 0.08005822 0.31586608]
 [0.16504854 0.15533981 0.67961165]
 [0.02238806 0.04477612 0.93283582]]
Accuracy
0.5640837727109004
Classification report
              precision    recall  f1-score   support

         0.0       0.95      0.60      0.74       687
         1.0       0.21      0.16      0.18       103
         2.0       0.30      0.93      0.46       134

    accuracy                           0.60       924
   macro avg       0.49      0.56      0.46       924
weighted avg       0.78      0.60      0.64       924

