Report for year 2016
Confusion matrix
[[316  97   4]
 [ 17 115   3]
 [  2  10  32]]
Normalized confusion matrix
[[0.75779376 0.23261391 0.00959233]
 [0.12592593 0.85185185 0.02222222]
 [0.04545455 0.22727273 0.72727273]]
Accuracy
0.778972781370863
Classification report
              precision    recall  f1-score   support

         0.0       0.94      0.76      0.84       417
         1.0       0.52      0.85      0.64       135
         2.0       0.82      0.73      0.77        44

    accuracy                           0.78       596
   macro avg       0.76      0.78      0.75       596
weighted avg       0.84      0.78      0.79       596

