Report for year 2019
Confusion matrix
[[559  74  54]
 [ 60  28  15]
 [ 41  78  15]]
Normalized confusion matrix
[[0.81368268 0.1077147  0.07860262]
 [0.58252427 0.27184466 0.14563107]
 [0.30597015 0.58208955 0.1119403 ]]
Accuracy
0.39915587900437893
Classification report
              precision    recall  f1-score   support

         0.0       0.85      0.81      0.83       687
         1.0       0.16      0.27      0.20       103
         2.0       0.18      0.11      0.14       134

    accuracy                           0.65       924
   macro avg       0.39      0.40      0.39       924
weighted avg       0.67      0.65      0.66       924

