Report for all years
Confusion matrix
[[1805   48    2]
 [ 404   60    3]
 [ 185   75   18]]
Normalized confusion matrix
[[0.97304582 0.02587601 0.00107817]
 [0.86509636 0.12847966 0.00642398]
 [0.66546763 0.26978417 0.0647482 ]]
Accuracy
0.3887578936429517
Classification report
              precision    recall  f1-score   support

         0.0       0.75      0.97      0.85      1855
         1.0       0.33      0.13      0.18       467
         2.0       0.78      0.06      0.12       278

    accuracy                           0.72      2600
   macro avg       0.62      0.39      0.38      2600
weighted avg       0.68      0.72      0.65      2600

