Report for year 2016
Confusion matrix
[[389  27   1]
 [ 69  60   6]
 [  1   4  39]]
Normalized confusion matrix
[[0.93285372 0.0647482  0.00239808]
 [0.51111111 0.44444444 0.04444444]
 [0.02272727 0.09090909 0.88636364]]
Accuracy
0.8187919463087249
Classification report
              precision    recall  f1-score   support

         0.0       0.85      0.93      0.89       417
         1.0       0.66      0.44      0.53       135
         2.0       0.85      0.89      0.87        44

    accuracy                           0.82       596
   macro avg       0.78      0.75      0.76       596
weighted avg       0.80      0.82      0.81       596

