Report for year 2019
Confusion matrix
[[432 200  55]
 [ 26  34  43]
 [ 10  12 112]]
Normalized confusion matrix
[[0.62882096 0.29112082 0.08005822]
 [0.25242718 0.33009709 0.41747573]
 [0.07462687 0.08955224 0.8358209 ]]
Accuracy
0.6255411255411255
Classification report
              precision    recall  f1-score   support

         0.0       0.92      0.63      0.75       687
         1.0       0.14      0.33      0.19       103
         2.0       0.53      0.84      0.65       134

    accuracy                           0.63       924
   macro avg       0.53      0.60      0.53       924
weighted avg       0.78      0.63      0.67       924

