Report for all years
Confusion matrix
[[1175  655   25]
 [ 162  213   92]
 [   4   78  196]]
Normalized confusion matrix
[[0.63342318 0.35309973 0.01347709]
 [0.34689507 0.45610278 0.19700214]
 [0.01438849 0.28057554 0.70503597]]
Accuracy
0.6092307692307692
Classification report
              precision    recall  f1-score   support

         0.0       0.88      0.63      0.74      1855
         1.0       0.23      0.46      0.30       467
         2.0       0.63      0.71      0.66       278

    accuracy                           0.61      2600
   macro avg       0.58      0.60      0.57      2600
weighted avg       0.73      0.61      0.65      2600

