Report for year 2019
Confusion matrix
[[529 135  23]
 [ 30  40  33]
 [  6  50  78]]
Normalized confusion matrix
[[0.77001456 0.19650655 0.03347889]
 [0.29126214 0.38834951 0.32038835]
 [0.04477612 0.37313433 0.58208955]]
Accuracy
0.5801512076142231
Classification report
              precision    recall  f1-score   support

         0.0       0.94      0.77      0.85       687
         1.0       0.18      0.39      0.24       103
         2.0       0.58      0.58      0.58       134

    accuracy                           0.70       924
   macro avg       0.57      0.58      0.56       924
weighted avg       0.80      0.70      0.74       924

