Report for year 2016
Confusion matrix
[[316  98   3]
 [ 15 117   3]
 [  2  10  32]]
Normalized confusion matrix
[[0.75779376 0.23501199 0.00719424]
 [0.11111111 0.86666667 0.02222222]
 [0.04545455 0.22727273 0.72727273]]
Accuracy
0.7839110529758012
Classification report
              precision    recall  f1-score   support

         0.0       0.95      0.76      0.84       417
         1.0       0.52      0.87      0.65       135
         2.0       0.84      0.73      0.78        44

    accuracy                           0.78       596
   macro avg       0.77      0.78      0.76       596
weighted avg       0.84      0.78      0.79       596

