Report for year 2019
Confusion matrix
[[561  72  54]
 [ 58  30  15]
 [ 42  76  16]]
Normalized confusion matrix
[[0.81659389 0.10480349 0.07860262]
 [0.5631068  0.29126214 0.14563107]
 [0.31343284 0.56716418 0.11940299]]
Accuracy
0.40908633581994636
Classification report
              precision    recall  f1-score   support

         0.0       0.85      0.82      0.83       687
         1.0       0.17      0.29      0.21       103
         2.0       0.19      0.12      0.15       134

    accuracy                           0.66       924
   macro avg       0.40      0.41      0.40       924
weighted avg       0.68      0.66      0.66       924

