Report for year 2016
Confusion matrix
[[292 117   8]
 [105  28   2]
 [  3  33   8]]
Normalized confusion matrix
[[0.70023981 0.28057554 0.01918465]
 [0.77777778 0.20740741 0.01481481]
 [0.06818182 0.75       0.18181818]]
Accuracy
0.36315513245968883
Classification report
              precision    recall  f1-score   support

         0.0       0.73      0.70      0.71       417
         1.0       0.16      0.21      0.18       135
         2.0       0.44      0.18      0.26        44

    accuracy                           0.55       596
   macro avg       0.44      0.36      0.38       596
weighted avg       0.58      0.55      0.56       596

