Report for all years
Confusion matrix
[[1045  368  442]
 [ 255  132   80]
 [  49  112  117]]
Normalized confusion matrix
[[0.56334232 0.19838275 0.23827493]
 [0.54603854 0.28265525 0.17130621]
 [0.17625899 0.4028777  0.42086331]]
Accuracy
0.42228695788816467
Classification report
              precision    recall  f1-score   support

         0.0       0.77      0.56      0.65      1855
         1.0       0.22      0.28      0.24       467
         2.0       0.18      0.42      0.26       278

    accuracy                           0.50      2600
   macro avg       0.39      0.42      0.38      2600
weighted avg       0.61      0.50      0.54      2600

