Report for all years
Confusion matrix
[[1492  271   92]
 [ 253  139   75]
 [  40  136  102]]
Normalized confusion matrix
[[0.80431267 0.14609164 0.04959569]
 [0.54175589 0.29764454 0.16059957]
 [0.14388489 0.48920863 0.36690647]]
Accuracy
0.48962122763277227
Classification report
              precision    recall  f1-score   support

         0.0       0.84      0.80      0.82      1855
         1.0       0.25      0.30      0.27       467
         2.0       0.38      0.37      0.37       278

    accuracy                           0.67      2600
   macro avg       0.49      0.49      0.49      2600
weighted avg       0.68      0.67      0.67      2600

