Report for year 2015
Confusion matrix
[[495 200  56]
 [128  75  26]
 [ 46  27  27]]
Normalized confusion matrix
[[0.65912117 0.26631158 0.07456724]
 [0.55895197 0.32751092 0.11353712]
 [0.46       0.27       0.27      ]]
Accuracy
0.41887736293384653
Classification report
              precision    recall  f1-score   support

         0.0       0.74      0.66      0.70       751
         1.0       0.25      0.33      0.28       229
         2.0       0.25      0.27      0.26       100

    accuracy                           0.55      1080
   macro avg       0.41      0.42      0.41      1080
weighted avg       0.59      0.55      0.57      1080

