Report for all years
Confusion matrix
[[1018  463  374]
 [ 219  151   97]
 [ 109   74   95]]
Normalized confusion matrix
[[0.54878706 0.24959569 0.20161725]
 [0.46895075 0.32334047 0.20770878]
 [0.39208633 0.26618705 0.34172662]]
Accuracy
0.40461805059724076
Classification report
              precision    recall  f1-score   support

         0.0       0.76      0.55      0.64      1855
         1.0       0.22      0.32      0.26       467
         2.0       0.17      0.34      0.23       278

    accuracy                           0.49      2600
   macro avg       0.38      0.40      0.37      2600
weighted avg       0.60      0.49      0.52      2600

