Report for year 2019
Confusion matrix
[[460  76 151]
 [ 35  34  34]
 [  4  81  49]]
Normalized confusion matrix
[[0.66957787 0.11062591 0.21979622]
 [0.33980583 0.33009709 0.33009709]
 [0.02985075 0.60447761 0.36567164]]
Accuracy
0.45511553466257837
Classification report
              precision    recall  f1-score   support

         0.0       0.92      0.67      0.78       687
         1.0       0.18      0.33      0.23       103
         2.0       0.21      0.37      0.27       134

    accuracy                           0.59       924
   macro avg       0.44      0.46      0.42       924
weighted avg       0.74      0.59      0.64       924

