Report for year 2019
Confusion matrix
[[532 132  23]
 [ 70  28   5]
 [116  15   3]]
Normalized confusion matrix
[[0.77438137 0.19213974 0.03347889]
 [0.67961165 0.27184466 0.04854369]
 [0.86567164 0.1119403  0.02238806]]
Accuracy
0.3562046960544995
Classification report
              precision    recall  f1-score   support

         0.0       0.74      0.77      0.76       687
         1.0       0.16      0.27      0.20       103
         2.0       0.10      0.02      0.04       134

    accuracy                           0.61       924
   macro avg       0.33      0.36      0.33       924
weighted avg       0.58      0.61      0.59       924

