Report for year 2019
Confusion matrix
[[583  94  10]
 [ 46  48   9]
 [ 35  37  62]]
Normalized confusion matrix
[[0.84861718 0.13682678 0.01455604]
 [0.44660194 0.46601942 0.08737864]
 [0.26119403 0.2761194  0.46268657]]
Accuracy
0.5924410535893335
Classification report
              precision    recall  f1-score   support

         0.0       0.88      0.85      0.86       687
         1.0       0.27      0.47      0.34       103
         2.0       0.77      0.46      0.58       134

    accuracy                           0.75       924
   macro avg       0.64      0.59      0.59       924
weighted avg       0.79      0.75      0.76       924

