Report for year 2019
Confusion matrix
[[631  33  23]
 [ 53  32  18]
 [ 15  62  57]]
Normalized confusion matrix
[[0.91848617 0.04803493 0.03347889]
 [0.51456311 0.31067961 0.17475728]
 [0.1119403  0.46268657 0.42537313]]
Accuracy
0.5515129725800415
Classification report
              precision    recall  f1-score   support

         0.0       0.90      0.92      0.91       687
         1.0       0.25      0.31      0.28       103
         2.0       0.58      0.43      0.49       134

    accuracy                           0.78       924
   macro avg       0.58      0.55      0.56       924
weighted avg       0.78      0.78      0.78       924

