Report for all years
Confusion matrix
[[1575  249   31]
 [ 180  217   70]
 [  19   99  160]]
Normalized confusion matrix
[[0.8490566  0.13423181 0.01671159]
 [0.38543897 0.46466809 0.14989293]
 [0.06834532 0.35611511 0.57553957]]
Accuracy
0.6297547554457746
Classification report
              precision    recall  f1-score   support

         0.0       0.89      0.85      0.87      1855
         1.0       0.38      0.46      0.42       467
         2.0       0.61      0.58      0.59       278

    accuracy                           0.75      2600
   macro avg       0.63      0.63      0.63      2600
weighted avg       0.77      0.75      0.76      2600

