Report for year 2019
Confusion matrix
[[530  15 142]
 [ 59  29  15]
 [ 18 107   9]]
Normalized confusion matrix
[[0.77147016 0.02183406 0.20669578]
 [0.57281553 0.2815534  0.14563107]
 [0.13432836 0.79850746 0.06716418]]
Accuracy
0.3733959124263928
Classification report
              precision    recall  f1-score   support

         0.0       0.87      0.77      0.82       687
         1.0       0.19      0.28      0.23       103
         2.0       0.05      0.07      0.06       134

    accuracy                           0.61       924
   macro avg       0.37      0.37      0.37       924
weighted avg       0.68      0.61      0.64       924

