Report for year 2019
Confusion matrix
[[445 145  97]
 [ 47  28  28]
 [ 33  52  49]]
Normalized confusion matrix
[[0.64774381 0.21106259 0.1411936 ]
 [0.45631068 0.27184466 0.27184466]
 [0.24626866 0.3880597  0.36567164]]
Accuracy
0.42842003855596594
Classification report
              precision    recall  f1-score   support

         0.0       0.85      0.65      0.73       687
         1.0       0.12      0.27      0.17       103
         2.0       0.28      0.37      0.32       134

    accuracy                           0.56       924
   macro avg       0.42      0.43      0.41       924
weighted avg       0.68      0.56      0.61       924

