Report for year 2016
Confusion matrix
[[368  47   2]
 [ 40  89   6]
 [ 10   4  30]]
Normalized confusion matrix
[[0.882494   0.11270983 0.00479616]
 [0.2962963  0.65925926 0.04444444]
 [0.22727273 0.09090909 0.68181818]]
Accuracy
0.741190481957868
Classification report
              precision    recall  f1-score   support

         0.0       0.88      0.88      0.88       417
         1.0       0.64      0.66      0.65       135
         2.0       0.79      0.68      0.73        44

    accuracy                           0.82       596
   macro avg       0.77      0.74      0.75       596
weighted avg       0.82      0.82      0.82       596

