Report for year 2019
Confusion matrix
[[584  20  83]
 [ 82  14   7]
 [ 59  72   3]]
Normalized confusion matrix
[[0.85007278 0.02911208 0.12081514]
 [0.7961165  0.13592233 0.06796117]
 [0.44029851 0.53731343 0.02238806]]
Accuracy
0.3361277233341215
Classification report
              precision    recall  f1-score   support

         0.0       0.81      0.85      0.83       687
         1.0       0.13      0.14      0.13       103
         2.0       0.03      0.02      0.03       134

    accuracy                           0.65       924
   macro avg       0.32      0.34      0.33       924
weighted avg       0.62      0.65      0.63       924

