Report for all years
Confusion matrix
[[1798   54    3]
 [ 353   94   20]
 [ 186   44   48]]
Normalized confusion matrix
[[0.96927224 0.02911051 0.00161725]
 [0.75588865 0.2012848  0.04282655]
 [0.66906475 0.15827338 0.17266187]]
Accuracy
0.4477396347580795
Classification report
              precision    recall  f1-score   support

         0.0       0.77      0.97      0.86      1855
         1.0       0.49      0.20      0.29       467
         2.0       0.68      0.17      0.28       278

    accuracy                           0.75      2600
   macro avg       0.65      0.45      0.47      2600
weighted avg       0.71      0.75      0.69      2600

