Report for all years
Confusion matrix
[[1147  524  184]
 [ 141  260   66]
 [  15  181   82]]
Normalized confusion matrix
[[0.61832884 0.28247978 0.09919137]
 [0.30192719 0.55674518 0.14132762]
 [0.05395683 0.65107914 0.29496403]]
Accuracy
0.4900126839200589
Classification report
              precision    recall  f1-score   support

         0.0       0.88      0.62      0.73      1855
         1.0       0.27      0.56      0.36       467
         2.0       0.25      0.29      0.27       278

    accuracy                           0.57      2600
   macro avg       0.47      0.49      0.45      2600
weighted avg       0.70      0.57      0.61      2600

