Report for year 2019
Confusion matrix
[[334 147 206]
 [ 44  28  31]
 [ 53  33  48]]
Normalized confusion matrix
[[0.48617176 0.2139738  0.29985444]
 [0.42718447 0.27184466 0.30097087]
 [0.39552239 0.24626866 0.35820896]]
Accuracy
0.372075125566329
Classification report
              precision    recall  f1-score   support

         0.0       0.77      0.49      0.60       687
         1.0       0.13      0.27      0.18       103
         2.0       0.17      0.36      0.23       134

    accuracy                           0.44       924
   macro avg       0.36      0.37      0.34       924
weighted avg       0.62      0.44      0.50       924

