Report for all years
Confusion matrix
[[788 551 516]
 [120 217 130]
 [ 35 144  99]]
Normalized confusion matrix
[[0.42479784 0.29703504 0.27816712]
 [0.25695931 0.46466809 0.27837259]
 [0.12589928 0.51798561 0.35611511]]
Accuracy
0.4151936819326176
Classification report
              precision    recall  f1-score   support

         0.0       0.84      0.42      0.56      1855
         1.0       0.24      0.46      0.31       467
         2.0       0.13      0.36      0.19       278

    accuracy                           0.42      2600
   macro avg       0.40      0.42      0.36      2600
weighted avg       0.65      0.42      0.48      2600

