Report for year 2019
Confusion matrix
[[260 255 172]
 [ 28  45  30]
 [ 13  96  25]]
Normalized confusion matrix
[[0.37845706 0.37117904 0.2503639 ]
 [0.27184466 0.4368932  0.29126214]
 [0.09701493 0.71641791 0.18656716]]
Accuracy
0.33397247591412227
Classification report
              precision    recall  f1-score   support

         0.0       0.86      0.38      0.53       687
         1.0       0.11      0.44      0.18       103
         2.0       0.11      0.19      0.14       134

    accuracy                           0.36       924
   macro avg       0.36      0.33      0.28       924
weighted avg       0.67      0.36      0.43       924

