Report for all years
Confusion matrix
[[1494  237  124]
 [ 228  183   56]
 [  77  131   70]]
Normalized confusion matrix
[[0.80539084 0.1277628  0.06684636]
 [0.4882227  0.39186296 0.11991435]
 [0.27697842 0.47122302 0.25179856]]
Accuracy
0.4830174505875713
Classification report
              precision    recall  f1-score   support

         0.0       0.83      0.81      0.82      1855
         1.0       0.33      0.39      0.36       467
         2.0       0.28      0.25      0.27       278

    accuracy                           0.67      2600
   macro avg       0.48      0.48      0.48      2600
weighted avg       0.68      0.67      0.68      2600

