Report for year 2016
Confusion matrix
[[368  46   3]
 [ 33  95   7]
 [  1  15  28]]
Normalized confusion matrix
[[0.882494   0.11031175 0.00719424]
 [0.24444444 0.7037037  0.05185185]
 [0.02272727 0.34090909 0.63636364]]
Accuracy
0.8238255033557047
Classification report
              precision    recall  f1-score   support

         0.0       0.92      0.88      0.90       417
         1.0       0.61      0.70      0.65       135
         2.0       0.74      0.64      0.68        44

    accuracy                           0.82       596
   macro avg       0.75      0.74      0.74       596
weighted avg       0.83      0.82      0.83       596

