Report for year 2016
Confusion matrix
[[398  18   1]
 [ 64  43  28]
 [  1   2  41]]
Normalized confusion matrix
[[0.95443645 0.04316547 0.00239808]
 [0.47407407 0.31851852 0.20740741]
 [0.02272727 0.04545455 0.93181818]]
Accuracy
0.8087248322147651
Classification report
              precision    recall  f1-score   support

         0.0       0.86      0.95      0.90       417
         1.0       0.68      0.32      0.43       135
         2.0       0.59      0.93      0.72        44

    accuracy                           0.81       596
   macro avg       0.71      0.73      0.69       596
weighted avg       0.80      0.81      0.78       596

