Report for year 2016
Confusion matrix
[[386  30   1]
 [ 67  59   9]
 [  2  18  24]]
Normalized confusion matrix
[[0.92565947 0.07194245 0.00239808]
 [0.4962963  0.43703704 0.06666667]
 [0.04545455 0.40909091 0.54545455]]
Accuracy
0.7869127516778524
Classification report
              precision    recall  f1-score   support

         0.0       0.85      0.93      0.89       417
         1.0       0.55      0.44      0.49       135
         2.0       0.71      0.55      0.62        44

    accuracy                           0.79       596
   macro avg       0.70      0.64      0.66       596
weighted avg       0.77      0.79      0.78       596

