Report for all years
Confusion matrix
[[1582  227   46]
 [ 186  183   98]
 [  10   65  203]]
Normalized confusion matrix
[[0.85283019 0.12237197 0.02479784]
 [0.39828694 0.39186296 0.20985011]
 [0.03597122 0.23381295 0.73021583]]
Accuracy
0.7569230769230769
Classification report
              precision    recall  f1-score   support

         0.0       0.89      0.85      0.87      1855
         1.0       0.39      0.39      0.39       467
         2.0       0.59      0.73      0.65       278

    accuracy                           0.76      2600
   macro avg       0.62      0.66      0.64      2600
weighted avg       0.77      0.76      0.76      2600

