Report for year 2019
Confusion matrix
[[585  88  14]
 [ 37  37  29]
 [  4  32  98]]
Normalized confusion matrix
[[0.85152838 0.12809316 0.02037846]
 [0.3592233  0.3592233  0.2815534 ]
 [0.02985075 0.23880597 0.73134328]]
Accuracy
0.7792207792207793
Classification report
              precision    recall  f1-score   support

         0.0       0.93      0.85      0.89       687
         1.0       0.24      0.36      0.28       103
         2.0       0.70      0.73      0.71       134

    accuracy                           0.78       924
   macro avg       0.62      0.65      0.63       924
weighted avg       0.82      0.78      0.80       924

