Report for year 2019
Confusion matrix
[[257 422   8]
 [ 19  64  20]
 [  3  70  61]]
Normalized confusion matrix
[[0.37409025 0.61426492 0.01164483]
 [0.18446602 0.62135922 0.19417476]
 [0.02238806 0.52238806 0.45522388]]
Accuracy
0.4134199134199134
Classification report
              precision    recall  f1-score   support

         0.0       0.92      0.37      0.53       687
         1.0       0.12      0.62      0.19       103
         2.0       0.69      0.46      0.55       134

    accuracy                           0.41       924
   macro avg       0.57      0.48      0.42       924
weighted avg       0.80      0.41      0.50       924

