Report for year 2016
Confusion matrix
[[377  38   2]
 [ 34  93   8]
 [  2   7  35]]
Normalized confusion matrix
[[0.90407674 0.0911271  0.00479616]
 [0.25185185 0.68888889 0.05925926]
 [0.04545455 0.15909091 0.79545455]]
Accuracy
0.7961400576508489
Classification report
              precision    recall  f1-score   support

         0.0       0.91      0.90      0.91       417
         1.0       0.67      0.69      0.68       135
         2.0       0.78      0.80      0.79        44

    accuracy                           0.85       596
   macro avg       0.79      0.80      0.79       596
weighted avg       0.85      0.85      0.85       596

