Report for all years
Confusion matrix
[[1146  665   44]
 [ 140  228   99]
 [  12   54  212]]
Normalized confusion matrix
[[0.61778976 0.35849057 0.02371968]
 [0.29978587 0.4882227  0.21199143]
 [0.04316547 0.1942446  0.76258993]]
Accuracy
0.6228674611809194
Classification report
              precision    recall  f1-score   support

         0.0       0.88      0.62      0.73      1855
         1.0       0.24      0.49      0.32       467
         2.0       0.60      0.76      0.67       278

    accuracy                           0.61      2600
   macro avg       0.57      0.62      0.57      2600
weighted avg       0.74      0.61      0.65      2600

