Report for year 2019
Confusion matrix
[[261 422   4]
 [ 17  72  14]
 [ 47  29  58]]
Normalized confusion matrix
[[0.37991266 0.61426492 0.00582242]
 [0.16504854 0.69902913 0.13592233]
 [0.35074627 0.21641791 0.43283582]]
Accuracy
0.503925870288191
Classification report
              precision    recall  f1-score   support

         0.0       0.80      0.38      0.52       687
         1.0       0.14      0.70      0.23       103
         2.0       0.76      0.43      0.55       134

    accuracy                           0.42       924
   macro avg       0.57      0.50      0.43       924
weighted avg       0.72      0.42      0.49       924

