Report for year 2019
Confusion matrix
[[608  60  19]
 [ 31  36  36]
 [  4  14 116]]
Normalized confusion matrix
[[0.88500728 0.08733624 0.02765648]
 [0.30097087 0.34951456 0.34951456]
 [0.02985075 0.10447761 0.86567164]]
Accuracy
0.7000644943060731
Classification report
              precision    recall  f1-score   support

         0.0       0.95      0.89      0.91       687
         1.0       0.33      0.35      0.34       103
         2.0       0.68      0.87      0.76       134

    accuracy                           0.82       924
   macro avg       0.65      0.70      0.67       924
weighted avg       0.84      0.82      0.83       924

