Report for all years
Confusion matrix
[[1622  199   34]
 [ 190  170  107]
 [   3   47  228]]
Normalized confusion matrix
[[0.87439353 0.10727763 0.01832884]
 [0.40685225 0.3640257  0.22912206]
 [0.01079137 0.16906475 0.82014388]]
Accuracy
0.6861877039402895
Classification report
              precision    recall  f1-score   support

         0.0       0.89      0.87      0.88      1855
         1.0       0.41      0.36      0.39       467
         2.0       0.62      0.82      0.70       278

    accuracy                           0.78      2600
   macro avg       0.64      0.69      0.66      2600
weighted avg       0.78      0.78      0.78      2600

