Report for year 2016
Confusion matrix
[[392  23   2]
 [ 61  64  10]
 [  1   1  42]]
Normalized confusion matrix
[[0.94004796 0.05515588 0.00479616]
 [0.45185185 0.47407407 0.07407407]
 [0.02272727 0.02272727 0.95454545]]
Accuracy
0.7895558300834081
Classification report
              precision    recall  f1-score   support

         0.0       0.86      0.94      0.90       417
         1.0       0.73      0.47      0.57       135
         2.0       0.78      0.95      0.86        44

    accuracy                           0.84       596
   macro avg       0.79      0.79      0.78       596
weighted avg       0.83      0.84      0.82       596

