Report for year 2019
Confusion matrix
[[582  65  40]
 [ 38  30  35]
 [  6  22 106]]
Normalized confusion matrix
[[0.84716157 0.09461426 0.05822416]
 [0.36893204 0.29126214 0.33980583]
 [0.04477612 0.1641791  0.79104478]]
Accuracy
0.6431561613647115
Classification report
              precision    recall  f1-score   support

         0.0       0.93      0.85      0.89       687
         1.0       0.26      0.29      0.27       103
         2.0       0.59      0.79      0.67       134

    accuracy                           0.78       924
   macro avg       0.59      0.64      0.61       924
weighted avg       0.80      0.78      0.79       924

