Report for all years
Confusion matrix
[[1578  226   51]
 [ 180  185  102]
 [  10   65  203]]
Normalized confusion matrix
[[0.85067385 0.12183288 0.02749326]
 [0.38543897 0.39614561 0.21841542]
 [0.03597122 0.23381295 0.73021583]]
Accuracy
0.6590117640213138
Classification report
              precision    recall  f1-score   support

         0.0       0.89      0.85      0.87      1855
         1.0       0.39      0.40      0.39       467
         2.0       0.57      0.73      0.64       278

    accuracy                           0.76      2600
   macro avg       0.62      0.66      0.63      2600
weighted avg       0.77      0.76      0.76      2600

