Report for year 2019
Confusion matrix
[[581  90  16]
 [ 36  35  32]
 [  4  32  98]]
Normalized confusion matrix
[[0.84570597 0.13100437 0.02328967]
 [0.34951456 0.33980583 0.31067961]
 [0.02985075 0.23880597 0.73134328]]
Accuracy
0.6389516922671729
Classification report
              precision    recall  f1-score   support

         0.0       0.94      0.85      0.89       687
         1.0       0.22      0.34      0.27       103
         2.0       0.67      0.73      0.70       134

    accuracy                           0.77       924
   macro avg       0.61      0.64      0.62       924
weighted avg       0.82      0.77      0.79       924

