Report for year 2019
Confusion matrix
[[266 346  75]
 [  9  90   4]
 [  1 116  17]]
Normalized confusion matrix
[[0.38719068 0.50363901 0.10917031]
 [0.08737864 0.87378641 0.03883495]
 [0.00746269 0.86567164 0.12686567]]
Accuracy
0.46261425451423227
Classification report
              precision    recall  f1-score   support

         0.0       0.96      0.39      0.55       687
         1.0       0.16      0.87      0.27       103
         2.0       0.18      0.13      0.15       134

    accuracy                           0.40       924
   macro avg       0.43      0.46      0.33       924
weighted avg       0.76      0.40      0.46       924

