Report for year 2016
Confusion matrix
[[385  29   3]
 [ 46  69  20]
 [  1   3  40]]
Normalized confusion matrix
[[0.92326139 0.06954436 0.00719424]
 [0.34074074 0.51111111 0.14814815]
 [0.02272727 0.06818182 0.90909091]]
Accuracy
0.7811544703631035
Classification report
              precision    recall  f1-score   support

         0.0       0.89      0.92      0.91       417
         1.0       0.68      0.51      0.58       135
         2.0       0.63      0.91      0.75        44

    accuracy                           0.83       596
   macro avg       0.74      0.78      0.75       596
weighted avg       0.83      0.83      0.82       596

