Report for year 2019
Confusion matrix
[[517 157  13]
 [ 32  50  21]
 [ 10  65  59]]
Normalized confusion matrix
[[0.75254731 0.22852984 0.01892285]
 [0.31067961 0.48543689 0.2038835 ]
 [0.07462687 0.48507463 0.44029851]]
Accuracy
0.5594275692663434
Classification report
              precision    recall  f1-score   support

         0.0       0.92      0.75      0.83       687
         1.0       0.18      0.49      0.27       103
         2.0       0.63      0.44      0.52       134

    accuracy                           0.68       924
   macro avg       0.58      0.56      0.54       924
weighted avg       0.80      0.68      0.72       924

