Report for year 2019
Confusion matrix
[[623  53  11]
 [ 52  27  24]
 [  9  21 104]]
Normalized confusion matrix
[[0.90684134 0.07714702 0.01601164]
 [0.50485437 0.26213592 0.23300971]
 [0.06716418 0.15671642 0.7761194 ]]
Accuracy
0.6483655548236404
Classification report
              precision    recall  f1-score   support

         0.0       0.91      0.91      0.91       687
         1.0       0.27      0.26      0.26       103
         2.0       0.75      0.78      0.76       134

    accuracy                           0.82       924
   macro avg       0.64      0.65      0.65       924
weighted avg       0.82      0.82      0.82       924

