Report for year 2019
Confusion matrix
[[175 501  11]
 [ 12  73  18]
 [  1  48  85]]
Normalized confusion matrix
[[0.25473071 0.72925764 0.01601164]
 [0.11650485 0.70873786 0.17475728]
 [0.00746269 0.35820896 0.63432836]]
Accuracy
0.5325989785108741
Classification report
              precision    recall  f1-score   support

         0.0       0.93      0.25      0.40       687
         1.0       0.12      0.71      0.20       103
         2.0       0.75      0.63      0.69       134

    accuracy                           0.36       924
   macro avg       0.60      0.53      0.43       924
weighted avg       0.81      0.36      0.42       924

