Report for all years
Confusion matrix
[[981  60   8]
 [149 869  76]
 [ 27 165 113]]
Normalized confusion matrix
[[0.93517636 0.05719733 0.00762631]
 [0.13619744 0.79433272 0.06946984]
 [0.08852459 0.54098361 0.3704918 ]]
Accuracy
0.7000002952213689
Classification report
              precision    recall  f1-score   support

         0.0       0.85      0.94      0.89      1049
         1.0       0.79      0.79      0.79      1094
         2.0       0.57      0.37      0.45       305

    accuracy                           0.80      2448
   macro avg       0.74      0.70      0.71      2448
weighted avg       0.79      0.80      0.79      2448

