Report for year 2016
Confusion matrix
[[314  18   1]
 [ 12 322   6]
 [  1   8   2]]
Normalized confusion matrix
[[0.94294294 0.05405405 0.003003  ]
 [0.03529412 0.94705882 0.01764706]
 [0.09090909 0.72727273 0.18181818]]
Accuracy
0.6906066494301788
Classification report
              precision    recall  f1-score   support

         0.0       0.96      0.94      0.95       333
         1.0       0.93      0.95      0.94       340
         2.0       0.22      0.18      0.20        11

    accuracy                           0.93       684
   macro avg       0.70      0.69      0.70       684
weighted avg       0.93      0.93      0.93       684

