Report for year 2016
Confusion matrix
[[315  13   5]
 [ 13 140 187]
 [  1   1   9]]
Normalized confusion matrix
[[0.94594595 0.03903904 0.01501502]
 [0.03823529 0.41176471 0.55      ]
 [0.09090909 0.09090909 0.81818182]]
Accuracy
0.7252974900033724
Classification report
              precision    recall  f1-score   support

         0.0       0.96      0.95      0.95       333
         1.0       0.91      0.41      0.57       340
         2.0       0.04      0.82      0.08        11

    accuracy                           0.68       684
   macro avg       0.64      0.73      0.53       684
weighted avg       0.92      0.68      0.75       684

