Report for year 2019
Confusion matrix
[[455  14   7]
 [ 65 171 186]
 [ 12  29 111]]
Normalized confusion matrix
[[0.95588235 0.02941176 0.01470588]
 [0.15402844 0.40521327 0.44075829]
 [0.07894737 0.19078947 0.73026316]]
Accuracy
0.6971195936593645
Classification report
              precision    recall  f1-score   support

         0.0       0.86      0.96      0.90       476
         1.0       0.80      0.41      0.54       422
         2.0       0.37      0.73      0.49       152

    accuracy                           0.70      1050
   macro avg       0.67      0.70      0.64      1050
weighted avg       0.76      0.70      0.70      1050

