Report for all years
Confusion matrix
[[841 181  27]
 [179 746 169]
 [ 27 114 164]]
Normalized confusion matrix
[[0.80171592 0.17254528 0.0257388 ]
 [0.16361974 0.68190128 0.15447898]
 [0.08852459 0.37377049 0.53770492]]
Accuracy
0.6737740392213398
Classification report
              precision    recall  f1-score   support

         0.0       0.80      0.80      0.80      1049
         1.0       0.72      0.68      0.70      1094
         2.0       0.46      0.54      0.49       305

    accuracy                           0.72      2448
   macro avg       0.66      0.67      0.66      2448
weighted avg       0.72      0.72      0.72      2448

