Report for year 2015
Confusion matrix
[[161  66  13]
 [ 61 197  74]
 [ 17  16 109]]
Normalized confusion matrix
[[0.67083333 0.275      0.05416667]
 [0.18373494 0.59337349 0.22289157]
 [0.11971831 0.11267606 0.76760563]]
Accuracy
0.6772708203706846
Classification report
              precision    recall  f1-score   support

         0.0       0.67      0.67      0.67       240
         1.0       0.71      0.59      0.64       332
         2.0       0.56      0.77      0.64       142

    accuracy                           0.65       714
   macro avg       0.65      0.68      0.65       714
weighted avg       0.67      0.65      0.65       714

