Report for year 2015
Confusion matrix
[[207  22  11]
 [ 52 180 100]
 [  7  10 125]]
Normalized confusion matrix
[[0.8625     0.09166667 0.04583333]
 [0.15662651 0.54216867 0.30120482]
 [0.04929577 0.07042254 0.88028169]]
Accuracy
0.7616501216132133
Classification report
              precision    recall  f1-score   support

         0.0       0.78      0.86      0.82       240
         1.0       0.85      0.54      0.66       332
         2.0       0.53      0.88      0.66       142

    accuracy                           0.72       714
   macro avg       0.72      0.76      0.71       714
weighted avg       0.76      0.72      0.71       714

