Report for year 2016
Confusion matrix
[[269  60   4]
 [ 12 185 143]
 [  1   4   6]]
Normalized confusion matrix
[[0.80780781 0.18018018 0.01201201]
 [0.03529412 0.54411765 0.42058824]
 [0.09090909 0.36363636 0.54545455]]
Accuracy
0.6324600001070589
Classification report
              precision    recall  f1-score   support

         0.0       0.95      0.81      0.87       333
         1.0       0.74      0.54      0.63       340
         2.0       0.04      0.55      0.07        11

    accuracy                           0.67       684
   macro avg       0.58      0.63      0.53       684
weighted avg       0.83      0.67      0.74       684

