Report for all years
Confusion matrix
[[934 113   2]
 [461 612  21]
 [200  82  23]]
Normalized confusion matrix
[[0.89037178 0.10772164 0.00190658]
 [0.4213894  0.55941499 0.01919561]
 [0.6557377  0.26885246 0.07540984]]
Accuracy
0.5083988698583163
Classification report
              precision    recall  f1-score   support

         0.0       0.59      0.89      0.71      1049
         1.0       0.76      0.56      0.64      1094
         2.0       0.50      0.08      0.13       305

    accuracy                           0.64      2448
   macro avg       0.61      0.51      0.49      2448
weighted avg       0.65      0.64      0.61      2448

