Report for year 2016
Confusion matrix
[[374  42   1]
 [ 72  62   1]
 [  3  23  18]]
Normalized confusion matrix
[[0.89688249 0.10071942 0.00239808]
 [0.53333333 0.45925926 0.00740741]
 [0.06818182 0.52272727 0.40909091]]
Accuracy
0.5884108874516548
Classification report
              precision    recall  f1-score   support

         0.0       0.83      0.90      0.86       417
         1.0       0.49      0.46      0.47       135
         2.0       0.90      0.41      0.56        44

    accuracy                           0.76       596
   macro avg       0.74      0.59      0.63       596
weighted avg       0.76      0.76      0.75       596

