Report for year 2019
Confusion matrix
[[585  93   9]
 [ 43  50  10]
 [ 40  25  69]]
Normalized confusion matrix
[[0.85152838 0.13537118 0.01310044]
 [0.41747573 0.48543689 0.09708738]
 [0.29850746 0.18656716 0.51492537]]
Accuracy
0.6172968835392293
Classification report
              precision    recall  f1-score   support

         0.0       0.88      0.85      0.86       687
         1.0       0.30      0.49      0.37       103
         2.0       0.78      0.51      0.62       134

    accuracy                           0.76       924
   macro avg       0.65      0.62      0.62       924
weighted avg       0.80      0.76      0.77       924

