Report for all years
Confusion matrix
[[1535  217  103]
 [ 188  182   97]
 [  48   58  172]]
Normalized confusion matrix
[[0.82749326 0.11698113 0.05552561]
 [0.40256959 0.38972163 0.20770878]
 [0.17266187 0.20863309 0.61870504]]
Accuracy
0.6119733082785808
Classification report
              precision    recall  f1-score   support

         0.0       0.87      0.83      0.85      1855
         1.0       0.40      0.39      0.39       467
         2.0       0.46      0.62      0.53       278

    accuracy                           0.73      2600
   macro avg       0.58      0.61      0.59      2600
weighted avg       0.74      0.73      0.73      2600

