Report for year 2016
Confusion matrix
[[369  47   1]
 [ 49  83   3]
 [  4   8  32]]
Normalized confusion matrix
[[0.88489209 0.11270983 0.00239808]
 [0.36296296 0.61481481 0.02222222]
 [0.09090909 0.18181818 0.72727273]]
Accuracy
0.7423265428061591
Classification report
              precision    recall  f1-score   support

         0.0       0.87      0.88      0.88       417
         1.0       0.60      0.61      0.61       135
         2.0       0.89      0.73      0.80        44

    accuracy                           0.81       596
   macro avg       0.79      0.74      0.76       596
weighted avg       0.81      0.81      0.81       596

