Report for all years
Confusion matrix
[[1784   68    3]
 [ 370   87   10]
 [ 204   52   22]]
Normalized confusion matrix
[[0.96172507 0.03665768 0.00161725]
 [0.79229122 0.1862955  0.02141328]
 [0.73381295 0.18705036 0.07913669]]
Accuracy
0.40905242041497275
Classification report
              precision    recall  f1-score   support

         0.0       0.76      0.96      0.85      1855
         1.0       0.42      0.19      0.26       467
         2.0       0.63      0.08      0.14       278

    accuracy                           0.73      2600
   macro avg       0.60      0.41      0.42      2600
weighted avg       0.68      0.73      0.67      2600

